5417204092
5417301827
5417018948
5417103993
5416537654
5416703421
5416853054
5416274744
5416365567
5416441875
5416511402
5416420826
5416144830
5416237823
5416297428
5416122798
5414674597
5414750857
5414648928
5414401015
5414478869
5414379506
5412846413
5412945812
5412825500
5412650386
5412712843
5412621758
5412631003
5411109935
5411220121
5411334392
5411092292
5410894010
5410964544
5410874602
5409400404
5409517754
5409380615
5409130231
5409201058
5409255403
5409113415
5407505186
5407620398
5407741698
5407477984
5405580054
5405681537
5405772909
5405556256
5403570798
5403651391
5403545050
5401842622
5401949450
5402082548
5401821717
5399964055
5399873947
5399846216
5398074041
5398181452
5398326844
5398051181
5396065457
5396217775
5396348908
5396049234
5391928910
5392001328
5391898507
5389857801
5389977263
5390160914
5389826801
5387832444
5387948666
5387815328
5387542258
5387625352
5387706127
5387521118
5385896598
5385980075
5386073854
5385878849
5385666221
5385778324
5385649078
5384162944
5384279432
5384123034
5383798383
5383885221
5383981314
5383781449
5382108620
5382223907
5382075228
5381839519
5381910742
5381988657
5381815021
5379781332
5379833154
5379917156
5380049842
5379490792
5379570426
5379633200
5377900321
5378015190
5377476906
5377566424
5377237585
5377291863
5377387446
5375609700
5375698222
5375498724
5375558140
5375459051
5375533412
5375340143
5375391679
5375202259
5375282747
5375362970
5375193136
5375248352
5373599471
5373757617
5373663898
5373602512
5373658999
5373440769
5373508308
5373445679
5373503837
5373243648
5373303040
5373347465
5373241625
5373299044
5371668743
5371741975
5371821649
5371553127
5371637109
5371722546
5371475762
5371558018
5371404073
5371468810
5371280810
5371340799
5371385419
5371283015
5371331820
5369537295
5369603060
5369675019
5369540558
5369661758
5369318606
5369365140
5369437196
5369319935
5369393043
5367816601
5367941002
5368093958
5367790518
5367883580
5367519500
5367592162
5367678689
5367496425
5367595606
5367305762
5367375000
5367433874
5367291672
5367347264
