5498387503
5497213140
5497316457
5496971135
5497036314
5497080970
5495732588
5495833601
5495559620
5495617710
5494373956
5494489946
5494571133
5494195431
5494251692
5492976808
5493036539
5493104419
5492814659
5492880810
5498386011
5498446107
5498251657
5498320300
5497199213
5497297373
5497398206
5496977281
5497047753
5497099344
5496818611
5496874799
5496920846
5495703191
5495760651
5495571590
5495639656
5495466370
5495526666
5494436377
5494563706
5494646356
5494230619
5494297555
5494358242
5494103618
5494167127
5498408047
5498468273
5497097061
5497137638
5497187701
5497022760
5497054496
5496936081
5496981713
5495848922
5495907293
5495972868
5495711147
5495758988
5495800530
5495589064
5495628407
5495668174
5494476216
5494522268
5494310561
5494366669
5494416752
5494220286
5494267116
5498627962
5498719982
5498826692
5498468940
5498533184
5498614869
5498691849
5498597515
5498641518
5498516574
5498555477
5523490270
5523672558
5523794932
5523923823
5523241671
5523371192
5521321932
5521466923
5521577048
5520957825
5521080317
5521194668
5519038768
5519168624
5519265276
5518713130
5518803919
5518907044
5516913005
5517071515
5517238763
5516461215
5516644733
5516730314
5514357919
5514613648
5513897086
5514042866
5514185129
5509730773
5509552818
5509655793
5509390371
5509466886
5508175617
5508269487
5508002356
5508108325
5506811957
5506924246
5506644055
5506738399
5582022422
5582069216
5577383822
5577422172
5577464901
5574153856
5574237046
5568183658
5568228567
5566716874
5566752332
5566780820
5563812330
5563852051
5563750834
5563641576
5563705582
5562364105
5562404458
5562270812
5562326982
5562140423
5562225634
5562004653
5562075001
5560929638
5560994038
5560839167
5560886800
5560739388
5560778784
5560627880
5560686137
5558892700
5558961918
5557069822
5557130139
5554361602
5554191300
5554269804
5552715997
5552771522
5552809812
5552659677
5552572213
5552489663
5551303760
5551352565
5551395270
5551267841
5551131176
5551201006
5550886262
5551049600
5549708158
5549760685
5549510201
5549596577
5549652759
5549336861
5549422058
5549317807
5549327790
5549255506
5549280913
5549207131
5549226551
5545858432
5544430486
5544460612
5544326758
5544383268
5544192920
5544250611
5542591097
5542661120
5539576021
5539619473
5539449243
5539539258
5539296407
5539369685
5537966458
5538025517
5537855227
5537921453
5537713467
5537795445
5537542496
5537649926
5535601059
5535696264
5535412957
5535495709
5534105470
5534149186
5534007603
5534071470
5533873272
5533948907
5532404988
5532452977
5532270421
5532348706
5532123346
5532211238
5531934388
5532053387
5530698263
5530751294
5530602600
5530655135
5530465964
5530537148
5530284833
5530368265
5528897031
5528953916
5528811856
5528659057
5528722294
5527007514
5527056264
5526891148
5526957211
5526740086
5526822790
5526549103
5526658253
5522564425
5522645601
5516003428
5516079453
5515764795
5515929791
5515523578
5515666334
5513489342
5513576417
5513403751
5513324150
5513231415
5513285685
5512023071
5512059513
5511988649
5511946358
5511797178
5511873505
5510620809
5510661529
5510537076
5510582939
5510440377
5510492305
5510321133
5510379495
5508937383
5508999337
5508818052
5508886690
5508673941
5508746020
5507640205
5507670628
5507573626
5507602217
5507463246
5507520170
5507351742
5507410397
5621395566
5621517929
5621569872
5621590194
5621683151
5621676826
5621583663
5621682715
5621561585
5621629429
5621625299
5621672873
5621619960
5621627445
5621666696
5621628084
5621628509
5621618241
5621624120
5621625135
5621619451
5621658099
5621617888
5621610853
5621546612
5621648670
5621621912
5621642498
5621648094
5621624545
5621638139
5621620495
5621564243
5621635513
5621635374
5621577851
5621623447
5621614054
5621615865
5621618192
5621565018
5621612504
5621612512
5621534145
5621612006
5621613987
5621608038
5621611741
5621612608
5621591718
5621464668
5621598914
5621536501
5621539044
5621486167
5621508990
5621524530
5621482663
5621291445
5621439812
5621540641
5621542732
5621535280
5621444429
5621434146
5621524875
5621511015
5621519255
5621505796
5621420251
5621441516
5621443836
5621510105
5621510921
5621510018
5621504891
5621502364
5621495130
5621473728
5621426915
5621480315
5621469851
5621272170
5621350471
5621086300
5621446225
5621455469
5621439524
5621412019
5621421587
5621423106
5621422453
5621426971
5621347625
5621379246
5621403149
5621397033
5621397340
5621391724
5621178620
5621399963
5621388632
5621324166
5621382077
5621361039
5621374767
5621387505
5621377792
5621381118
5621326112
5621122588
5621306419
5621371578
5621341422
5621372368
5621349253
5621362766
5621372097
5621361711
5621351888
5621354789
5621353036
5621350626
5621356127
5621348298
5621356451
5621351078
5621353060
5621352839
5621336950
5621349686
5621348013
5621180074
5621274453
5621334267
5621218254
5621218546
5621288755
5621336867
5621329137
5621335461
5621321954
5621335605
5621302050
5621315510
5621308555
5621313626
5621313930
5621316477
5621254690
5621307774
5621308864
5621265366
5621305276
5621300932
5621300931
5621296339
5621234990
5621264919
5621301645
5621267127
5621290498
5621254248
5621284706
5621278781
5621265588
5621199043
5621240731
5621192839
5621263383
5621270086
5621265374
5621242303
5621264985
5621265072
5621019809
5621166386
5621238886
5621218814
5621238798
5621245550
5621239859
5621166663
5621226911
5621230608
5621230025
5621222508
5621142609
5621228047
5621220785
5621174037
5621221301
5621223046
5621205295
5621164240
5621218949
5621202161
5621205583
5621131635
5621181881
5621170889
5621002064
5621129039
5621158819
5621143483
5621182111
5621183654
5621162500
5621123355
5621160800
5621181845
5621179439
5621183101
5621179896
5621168298
5621173633
5621172376
5621143948
5621105382
5621146315
5621154006
5621160988
5621072881
5621133544
5621157490
5621145193
5621147663
5621146210
5621143335
5621143317
5621009882
5621077616
5621100132
5621081402
5621106216
5621089338
5621079500
5621086760
5621028693
5621070200
5621015159
5621075196
5621078677
5621096027
5621102763
5621098607
5621074634
5621020654
5621079555
5621086959
5621068288
5621050516
5621070703
5621006820
5621067505
5620992245
5620934825
5620984527
5620989395
5620828345
5620907021
5620947678
5620926671
5620780939
5620870433
5620928270
5620929778
5620919454
5620855038
5620934015
5620922886
5620863143
5620787539
5620841673
5620889346
5620845145
5620892424
5620908229
5620853886
5620890539
5620847032
5620871837
5620754637
5620820011
5620858071
5620849575
5620825482
5620830362
5620816702
5620821123
5620723653
5620779096
5620792677
5620811360
5620799521
5620798157
5620780077
5620783359
5620787889
5620662992
5620704142
5620739492
5620773906
5620760206
5620765729
5620668600
5620732324
5620673372
5620725598
5620685261
5620759778
5620632152
5620702911
5620590788
5620622939
5620652581
5620611193
5620655756
5620660819
5620579653
5620624269
5620651645
5620615688
5620613063
5620642832
5620634515
5620620678
5620631661
5620610386
5620620708
5620596960
5620622171
5620608314
5620582555
5620599665
5620579766
5620599758
5620598252
5620596462
5620592798
5620590425
5620572392
5620351806
5620590297
5620588331
5620555567
5620563708
5620582178
5620433219
5620579042
5620577471
5620497798
5620538039
5620562883
5620560600
5620563564
5620571339
5620552747
5620564245
5620535428
5620537534
5620547826
5620539713
5620489318
5620519069
5620526386
5620526602
5620522206
5620530123
5620535892
5620513842
5620499848
5620496870
5620519319
5620506029
5620507777
5620485400
5620489245
5620510916
5620495168
5620502441
5620501414
5620304680
5620495106
5620488984
5620448277
5620487939
5620434764
5620469322
5620483368
5620375319
5620451371
5620486442
5620471904
5620481537
5620463386
5620222310
5620482959
5620475700
5620471977
5620467271
5620446474
5620441348
5620461570
5620458985
5620449563
5620449150
5620446597
5620226426
5620454912
5620282291
5620346637
5620414466
5620421033
5620437911
5620415772
5620436700
5620447973
5620171433
5620435868
5620378386
5620436938
5620434476
5620437298
5620437117
5620434164
5620436852
5620421893
5620399802
5620399513
5620423083
5620422165
5620411077
5620408717
5620410636
5620411642
5620407983
5620341015
5620403795
5620396865
5620246535
5620355995
5620385225
5620380633
5620352512
5620381057
5620259882
5620336556
5620346967
5620382556
5620070718
5620324391
5620323813
5620348654
5620359715
5620345301
5620322996
5620317696
5620357162
5620330399
5620339427
5620225267
5620333429
5620339958
5620330723
5620335435
5620323862
5620276044
5620312790
5620284715
5620317503
5620290963
5620249660
5620325573
5620290941
5620320752
5620309358
5620264050
5620322240
5620319550
5620313741
5620308252
5620306957
5620308697
5619915822
5620286848
5620283773
5620294168
5620194198
5620290546
5620221633
5620291126
5620284742
5620287366
5620284286
5620281543
5620255687
5620280875
5620231458
5620274770
5620248849
5620271700
5620268014
5620278267
5619894648
5620272007
5620132345
5620273687
5620263307
5620156961
5620245185
5620262622
5620259253
5620259231
5620249953
5620258018
5620209945
5620250830
5620249955
5620217824
5620249997
5620246154
5620190031
5620244855
5620245538
5620251211
5620245055
5620225152
5620245103
5620213972
5620060325
5620177843
5620244041
5620213019
5620175209
5620159476
5620224515
5620181667
5620184899
5620208527
5620203666
5620210337
5620196316
5620198352
5620208395
5620195271
5620201812
5620180974
5620185610
5620179734
5620135306
5620104839
5620181266
5620184376
5620178842
5620175719
5620178891
5620153948
5620122909
5620170218
5620177187
5620148078
5620170273
5620155882
5620129219
5620149665
5620163166
5620163773
5620122227
5620102270
5620103465
5620148189
5620102321
5620156510
5620138132
5620142367
5620128588
5620103533
5620151426
5620124923
5620151175
5620134821
5620145733
5620099095
5620095630
5620119474
5620128325
5620126801
5620128103
5620129736
5620072407
5620128353
5620128075
5620100857
5620079577
5620076240
5620068422
5620068807
5620106868
5620111100
5620115240
5620114306
5620111569
5620063233
5620086466
5619833529
5619919080
5620031027
5620099877
5620102499
5620078691
5620088524
5620095371
5620095453
5620038908
5620091669
5620087136
5620079572
5620086755
5620080844
5620079133
5620020349
5620080484
5620049771
5620043575
5620041183
5620043268
5620058645
5620017112
5620040959
5620037971
5620010610
5620035084
5619818552
5619934393
5619852194
5619964129
5619977455
5620000400
5619992964
5619986475
5620024456
5619973592
5619993378
5620018355
5620006684
5619937438
5620016675
5619971743
5619989264
5619983790
5619989929
5619993496
5619939975
5619985756
5619924217
5619965265
5619969659
5619947817
5619908187
5619942355
5619949859
5619933360
5619920628
5619879398
5619922590
5619904011
5619849993
5619877272
5619915672
5619908655
5619812597
5619869433
5619877940
5619838959
5619911389
5619902200
5619757438
5619905157
5619905644
5619816643
5619841612
5619888862
5619848310
5619894191
5619890137
5619810663
5619874654
5619818883
5619700760
5619887020
5619883464
5619818249
5619788256
5619852128
5619825768
5619870959
5619770710
5619828558
5619866735
5619838992
5619846854
5619836140
5619838226
5619797473
5619797614
5619802655
5619836997
5619805133
5619827268
5619820300
5619695921
5619760641
5619813621
5619816665
5619657595
5619801567
5619780291
5619797206
5619791096
5619777492
5619798655
5619792203
5619709631
5619797005
5619790828
5619669743
5619715700
5619754592
5619706640
5619750496
5619788664
5619713705
5619720193
5619770494
5619776820
5619775858
5619767337
5619768481
5619721062
5619763972
5619713970
5619700302
5619734279
5619629790
5619704715
5619716144
5619755355
5619770041
5619764842
5619662454
5619762559
5619758728
5619704549
5619724665
5619753473
5619715893
5619742871
5619711473
5619752046
5619728453
5619707793
5619756229
5619755692
5619711956
5619750973
5619752451
5619611138
5619684697
5619739733
5619736264
5619734823
5619729533
5619643833
5619732475
5619729994
5619647217
5619718346
5619714246
5619710268
5619716742
5619712378
5619687447
5619714756
5619710562
5619680760
5619570332
5619647787
5619695338
5619575567
5619663874
5619683180
5619681678
5619681869
5619678485
5619652670
5619685927
5619669078
5619661616
5619661023
5619647044
5619597923
5619634682
5619650391
5619658304
5619654778
5619636438
5619528028
5619611061
5619642930
5619644381
5619643558
5619632209
5619642465
5619633509
5619642152
5619642077
5619579838
5619614315
5619615680
5619621428
5619607105
5619623036
5619617197
5619613848
5619597980
5619602479
5619556044
5619613174
5619595058
5619611877
5619613752
5619615397
5619612937
5619614468
5619599045
5619596103
5619558391
5619601878
5619557778
5619503330
5619561769
5619584589
5619506342
5619536492
5619562114
5619583970
5619564963
5619538959
5619569627
5619510687
5619552737
5619569605
5619543891
5619549584
5619526034
5619511494
5619478000
5619525601
5619524567
5619537969
5619478775
5619522521
5619523944
5619521855
5619559441
5619531241
5619555664
5619519152
5619530293
5619528791
5619547166
5619512864
5619541663
5619534393
5619537767
5619506309
5619451374
5619482453
5619507980
5619533978
5619533881
5619534442
5619530874
5619531108
5619503456
5619472937
5619402382
5619448288
5619457402
5619456687
5619353053
5619384361
5619413723
5619285863
5619394510
5619439115
5619416383
5619361014
5619405548
5619398686
5619392262
5619296690
5619354912
5619387966
5619343168
5619387987
5619388800
5619307180
5619347079
5619347003
5619350466
5619246279
5619289609
5619321208
5619342609
5619328430
5619332481
5619325974
5619331497
5619324193
5619228259
5619265840
5619227549
5619262593
5619195092
5619237267
5619194100
5619229033
5619279702
5619194615
5619232963
5619192376
5619236407
5619269684
5619248545
5619190847
5619235680
5619189723
5619230733
5619248622
5619192888
5619237170
5619191754
5619239937
5619203478
5619230788
5619192463
5619224730
5619262571
5619195693
5619224175
5619260499
5619196875
5619237689
5619190383
5619226962
5619240307
5619248788
5619254282
5619190670
5619223091
5619192873
5619222910
5619247496
5619195120
5619245015
5619191342
5619220204
5619224339
5619231589
5619178847
5619233730
5619233314
5619216734
5619158727
5619201389
5619160196
5619196866
5619202020
5619164044
5619187463
5619222654
5619208885
5619223251
5619198457
5619198029
5619206230
5619213828
5619202524
5619210903
5619204609
5619209661
5619199505
5619198742
5619198390
5619191488
5619189620
5619190057
5619174519
5619188244
5619187229
5619166229
5619175978
5619181281
5619181017
5619179923
5619179197
5619175409
5619176937
5619160808
5619170313
5619090739
5619139121
5619161974
5619162849
5619161734
5619167652
5619166080
5619162767
5619160051
5619135184
5619146323
5619162725
5619144086
5619119525
5619153515
5619130722
5619092025
5619135761
5619138842
5619134830
5618971599
5619130437
5619116630
5619113476
5619113458
5619118719
5619088436
5619108364
5619086580
5619086994
5619104216
5619093372
5619101793
5619078779
5619097841
5619076219
5619079437
5619094975
5619092914
5619084189
5619057569
5619046726
5619052901
5618993853
5619046614
5619059397
5619070087
5619071596
5619059425
5619038518
5619067522
5619055683
5619033369
5618937600
5619011615
5619027527
5618944330
5619004608
5619056967
5619050935
5619055120
5619051972
5618947989
5619043310
5619039364
5619013041
5619017989
5619028684
5619027357
5618972424
5618995520
5618977256
5619011617
5618993131
5618992191
5619003164
5618999061
5618964197
5618957560
5618951669
5618929735
5618944227
5618946626
5618939640
5618954290
5618969432
5618952862
5618965308
5618948192
5618952032
5618956979
5618922845
5618949052
5618954976
5618919671
5618937306
5618914256
5618939269
5618910503
5618942473
5618929966
5618917415
5618929150
5618918040
5618923892
5618897695
5618911017
5618916731
5618906092
5618916661
5618915414
5618909691
5618906808
5618905872
5618908949
5618910738
5618906254
5618899055
5618905728
5618902777
5618897737
5618898357
5618895699
5603016696
5603128191
5603193389
5602634480
5602751412
5602497315
5602552815
5601649378
5601698346
5601733299
5601416133
5601499135
5601582155
5601150333
5601270789
5600621494
5600742353
5600837250
5600113970
5600146947
5600180183
5599926782
5600009918
5600057443
5599822430
5599568828
5599684763
5599328403
5599441105
5599108791
5599181046
5598596631
5598645889
5598684323
5598425680
5598495967
5598197697
5598283573
5597900156
5597969425
5598093608
5597743945
5597815555
5597411997
5597451451
5597492054
5597295796
5597331601
5597367012
5597122438
5597244824
5596838233
5596950046
5597027592
5596519529
5596645877
5596380909
5596452197
5595991906
5596028470
5596066345
5595870804
5595904418
5595958260
5595640181
5595707153
5595784631
5595328554
5595441356
5595550391
5595116941
5595193892
5594962873
5595036455
5594556747
5594595360
5594424048
5594474475
5594515082
5594185556
5594267556
5593990275
5594081463
5593694351
5593772372
5593874067
5593490077
5593537879
5593589875
5593066604
5593106264
5593142580
5592924691
5592979927
5593032948
5592378800
5592497929
5592579724
5592137892
5592244646
5592089204
5592184813
5591274042
5591313892
5591353815
5591149306
5591222567
5590827911
5590941120
5591026160
5590576644
5590704391
5590359524
5590474986
5589558558
5589600407
5589421758
5589477748
5589519689
5589100152
5589178648
5588997132
5588864819
5589001776
5588635707
5588872538
5588621158
5588736963
5588738443
5588508332
5588408612
5587974516
5588009012
5587840428
5587891604
5587938963
5587611380
5587708701
5587331831
5587433802
5587524164
5587138010
5587244341
5586532997
5586565142
5586406187
5586446713
5586495497
5586220219
5586298502
5585989421
5586094437
5585689958
5585851724
5585089858
5585129743
5585178611
5584932462
5584988119
5584650209
5584747531
5584435529
5584533934
5584234772
5584332133
5583577665
5583629438
5583575193
5583533026
5583480801
5583523035
5583481383
5583203540
5583283283
5583010328
5583113844
5582752446
5582853561
5582164995
5582206276
5582248604
5582109524
5582159096
5582206320
5581999037
5582059912
5582119658
5582006465
5582056596
5581689509
5581802923
5581473814
5581596841
5581274533
5581353818
5580513286
5580554034
5580589034
5580429446
5580513573
5580415400
5580466940
5580187465
5580266107
5579993644
5580098661
5579612833
5579742376
5579867061
5579235066
5579316705
5579395623
5579476016
5578896237
5578948087
5579001949
5578735192
5578794176
5578848572
5578804444
5578837524
5578725135
5578760067
5578584273
5578664454
5578333805
5578443150
5578520818
5577982773
5578074898
5578181326
5577721375
5577791666
5577393373
5577427589
5577331493
5577375377
5577247018
5577318069
5577357467
5577237509
5577289071
5577029383
5577117359
5577184403
5576851806
5576933465
5576538799
5576632141
5576738583
5576253895
5576318371
5576382091
5576124762
5576169993
5575953551
5575988327
5575898169
5575930694
5575829639
5575878357
5575783978
5575846005
5575548479
5575636013
5575727477
5575342161
5575462161
5575082863
5575197423
5574920380
5574987884
5574501114
5574518175
5574447187
5574491737
5574364907
5574427463
5574470710
5574352490
5574399425
5574132168
5574226581
5573909161
5574032499
5573650637
5573796151
5573454371
5573521274
5573581180
5573233382
5573274209
5573020624
5573056300
5572911069
5572986931
5572719804
5572813354
5572883382
5572366825
5572483539
5572617927
5572180587
5572283569
5571884889
5571936348
5571778434
5571831033
5571306363
5571387447
5571446064
5570887562
5571025380
5571120849
5570673550
5570765909
5570390439
5570492261
5570582708
5570128060
5570210291
5570279227
5569507999
5569602030
5569669140
5569301940
5569410227
5568946885
5569048869
5569153676
5568649096
5568717195
5568796706
5568460508
5568561696
5567954550
5568003541
5567686075
5567802067
5567890303
5567366186
5567463871
5567565839
5567076880
5567133465
5566960609
5567007281
5566343730
5566443591
5566519827
5566173146
5566271550
5565840893
5565907052
5566030709
5565469699
5565542076
5564921307
5564992628
5565051929
5564717841
5564838141
5564375983
5564498779
5564606263
5564140643
5564210144
5564002205
5564038011
5564085520
5563079177
5563185375
5563305265
5562883984
5562972987
5562686977
5562727932
5562513931
5562569387
5562612693
5561895002
5561985161
5561536091
5561649246
5561791939
5561377024
5561448454
5561153428
5561236975
5561304026
5561005801
5561057061
5561107360
5560519659
5560614543
5560297497
5560398029
5559870202
5560021290
5560187481
5559595998
5559672384
5559789124
5559315352
5559409070
5559493602
5558591386
5558701463
5558290872
5558406736
5558092316
5558184744
5557817162
5557901426
5557995833
5557615270
5557675466
5557738600
5556991818
5557094846
5556735737
5556880514
5556629950
5556534606
5556436651
5556229215
5556291887
5556363880
5556051242
5556120201
5556166452
5555638512
5555707360
5555397526
5555520027
5555589257
5555051246
5555159472
5555293029
5554921103
5554688744
5554738757
5554527088
5554591319
5554138118
5554225072
5554289807
5553803068
5553939531
5554040709
5553531967
5553656961
5553453448
5553224493
5553294490
5553361152
5553056751
5553119299
5553162121
5552377752
5552461738
5552164947
5552267141
5551909161
5552012380
5551685248
5551780846
5551505835
5551567989
5551621513
5550727132
5550832851
5550519095
5550625575
5550318572
5550412148
5550135113
5550207923
5550257724
5549947207
5550027485
5550077149
5549103858
5549195126
5548841445
5548953405
5548661704
5548748758
5548374258
5548457071
5548121247
5548205501
5548273867
5547351523
5547438989
5547094064
5547201944
5546837063
5546958613
5546558303
5546637497
5546723064
5546340176
5546396742
5602134945
5602232073
5602334366
5602431088
5602543481
5601334505
5601416697
5600947120
5601081608
5601170427
5600629198
5600752464
5600870435
5600737167
5600831110
5599106959
5599204782
5598943413
5599028816
5597725950
5597785460
5597599555
5597671308
5596428969
5596482414
5596233292
5596297730
5596362794
5594992507
5595064133
5594805166
5594916351
5593540142
5593636555
5593540756
5593608204
5593519696
5593604223
5593347113
5593396526
5593455732
5593317813
5593400476
5593461755
5593320148
5593409348
5592639882
5592732772
5592795091
5592163065
5592312543
5591952698
5592057392
5591612300
5591727509
5591840336
5590863961
5590969795
5590262504
5590385007
5590059584
5590154572
5589876155
5589973457
5589112104
5589225549
5588358555
5588461166
5588215192
5588292963
5587567690
5587665384
5587025914
5587118264
5587189426
5586784001
5586881541
5586922408
5586137254
5586235251
5586282433
5585466331
5585530864
5585593613
5585322165
5585402261
5584670480
5584779969
5583982350
5584088228
5583863565
5583922861
5582602017
5582685011
5582769414
5582389458
5582481046
5582539802
5581753440
5581847093
5581910087
5581760841
5581856954
5581924953
5581748729
5581854308
5581915124
5581761564
5581829492
5581908160
5581075844
5581156713
5580825728
5580903885
5580989938
5580319723
5580386914
5580059347
5580177450
5580248174
5579342689
5579442112
5579498910
5579135423
5579265745
5578711013
5578761415
5578434239
5578565061
5578626608
5577888904
5577968977
5578075980
5577618142
5577759692
5577826316
5577229894
5577289779
5576988121
5577087660
5577156975
5576288554
5576405176
5576451957
5576173915
5576234114
5575691083
5575764598
5575534509
5575606190
5573636375
5573464842
5573555769
5573304418
5573342435
5573398050
5572444975
5572450218
5572295408
5572422158
5572019525
5572079000
5572184320
5572065747
5571941963
5571933331
5571408148
5571496861
5571147585
5571251852
5571322127
5570779802
5570900674
5570628740
5570611683
5570518853
5570512199
5570511910
5570512540
5569628298
5569713909
5569781553
5569443087
5569536854
5568983882
5568982729
5568989224
5568973709
5568970563
5568960111
5568935525
5568939562
5568905396
5568922816
5568884175
5568894888
5568877328
5568879443
5568889372
5568873671
5568861421
5568868078
5568863068
5568878964
5568871530
5568825703
5568840515
5568863753
5568829276
5568839821
5568826262
5568834369
5568842361
5568814893
5568817393
5568816261
5568816852
5568822126
5568815156
5568818339
5568823456
5568811624
5568818635
5568817105
5568813499
5567985673
5568056021
5568096294
5567821655
5567914103
5567393960
5567506107
5567592049
5567296631
5567227190
5566524095
5566621039
5566680202
5566367757
5566449861
5566002331
5565873018
5565776177
5565080954
5565173026
5565243979
5564910929
5565004896
5563593202
5563680390
5563415378
5563501495
5560652055
5560727984
5560390811
5560490202
5560579925
5558905023
5558977123
5559022802
5558652515
5558753661
5558827310
5549588752
5549657431
5549706102
5549756490
5549800427
5547712134
5547782002
5547835894
5547536845
5547619841
5546124064
5546160729
5545964222
5546020044
5546067675
5544465018
5544514525
5544480544
5544511613
5544426349
5544426320
5544420318
5544426055
5544380386
5544383000
5544379487
5542794548
5542799193
5542801072
5542799510
5542794456
5541250172
5541254980
5541249677
5541242084
5541246636
5541237928
5541226989
5541228298
5541204893
5541224513
5541208760
5541205766
5541204505
5541162908
5541209230
5541183513
5541170557
5541174594
5541185431
5541176959
5541164939
5541165010
5541166948
5541165817
5541168078
5541166164
5541166019
5541168775
5541166660
5541162460
5612255672
5612306863
5612352685
5612405950
5612164523
5612203613
5610757173
5610802650
5610848436
5610632608
5610674009
5610708555
5610541991
5610579282
5609268208
5609296066
5609172993
5609204099
5609232404
5609079967
5609110770
5609136678
5607900767
5607938044
5607811828
5607842356
5607869521
5607715013
5607749508
5607776816
5606465050
5606502816
5606401497
5606431393
5606336980
5606367096
5605123343
5605155491
5605186032
5605047935
5605084770
5604929147
5604964876
5605000260
5603657349
5603686973
5603715915
5603585537
5603625102
5603495055
5603527112
5603552041
5602060449
5602110451
5602156228
5601961100
5602001414
5601863813
5601908180
5600420778
5600467667
5600510274
5600332645
5600375481
5600239983
5600285490
5598999401
5599033410
5598912949
5598955366
5598810734
5598847662
5598874021
5597625047
5597661681
5597694916
5597554891
5597592434
5597447231
5597480745
5597517527
5596258689
5596292052
5596181070
5596218745
5596082738
5596110588
5596140059
5594856613
5594893748
5594928290
5594734877
5594776794
5594813066
5594648179
5594679912
5593355485
5593389812
5593280496
5593317072
5593166948
5593206774
5593239171
5591700503
5591769971
5591569701
5591628262
5591424223
5591477552
5591511509
5567233363
5567283871
5567334151
5567376682
5567142741
5567187452
5565890400
5565949150
5565813168
5565851527
5565699788
5565754543
5564485780
5564556763
5564614780
5564313638
5564367304
5564409057
5564227214
5564272031
5563033524
5563088946
5562857421
5562900583
5562963899
5562735330
5562772893
5562805303
5561471275
5561529338
5561575380
5561322924
5561368307
5561411544
5561234594
5561274924
5559929019
5559983033
5559820202
5559868848
5559632281
5559699510
5559751495
5558114146
5558152967
5558015426
5558067376
5557911563
5557963859
5556469636
5556511753
5556385406
5556432379
5556289962
5556336285
5555011906
5555050107
5554926983
5554964576
5554768416
5554814011
5554860964
5553470597
5553522352
5553382600
5553425752
5553279095
5553330280
5551946903
5552014795
5551840127
5551890331
5551746533
5551792419
5550370283
5550414091
5550267026
5550314515
5550181435
5550221011
5548765919
5548821679
5548876317
5548578095
5548641510
5548696009
5548455326
5548516105
5546893836
5546943485
5546803323
5546839776
5546630147
5546698451
5546737960
5545215028
5545270724
5545107544
5545151611
5545056538
5544905122
5544956627
5544995527
5513791351
5513856296
5513929132
5513641532
5513712346
5512249063
5512288951
5512175172
5512210716
5512082707
5512109346
5512141596
5510875826
5510914515
5510941069
5510804817
5510842484
5510701752
5510738203
5510766459
5509441076
5509491556
5509343850
5509393087
5509218613
5509263241
5509298098
5507912438
5507956214
5508004059
5507806095
5507859515
5507731988
5507766560
5618305724
5618362266
5618465420
5618235936
5618134844
5618181232
5615600512
5615681403
5615399664
5615468054
5615524906
5614034198
5614025235
5614025095
5614021327
5613982413
5613952684
5613948879
5613952770
5613949518
5613958973
5613954629
5613938245
5613895404
5613886059
5613892426
5536512014
5536608216
5536700342
5536794340
5536274972
5536351953
5534694476
5534798429
5534519568
5534587592
5534365287
5534430456
5533010898
5533104867
5533202828
5532796175
5532855389
5532926869
5532637471
5532700022
5531290360
5531406536
5531064262
5531180812
5530922586
5530984036
5529454955
5529533972
5529620344
5529277872
5529371381
5529149568
5529209532
5523724804
5523872951
5523446299
5523529878
5521474692
5521611950
5521724025
5521164499
5521258664
5521345866
5519136195
5519238168
5519387198
5518843574
5518961294
5519040486
5516884739
5517015051
5517139831
5516586931
5516704962
5514417043
5514607434
5514104018
5514214174
5512492557
5512573838
5509742053
5509851127
5509513250
5509619245
5509678130
5508213582
5508291040
5508367067
5508019951
5508080619
5506796440
5506886303
5506634824
5506689437
5506736375
5506627937
5506704370
5506774110
5506835872
5506913370
5528568885
5528659696
5528726794
5528787218
5526615989
5526697901
5524882946
5524971859
5525030432
5524607473
5524718499
5524784794
5524370518
5524495933
5522576512
5522692125
5522359416
5522462944
5522123338
5522269363
5520432177
5520537016
5520596079
5520125668
5520253540
5520335273
5519850652
5518195058
5518258412
5518028158
5518101750
5517623442
5517775421
5517879984
5635854420
5635860545
5635921196
5635735465
5635832796
5635875270
5635910711
5635855618
5635825014
5635871734
5635908765
5635880675
5635889746
5635888673
5635869403
5635580943
5635873170
5635872672
5635866123
5635853750
5635736828
5635854547
5635851140
5635774671
5635794039
5635836736
5635812544
5635827036
5635828144
5635837206
5635834862
5635831168
5635826128
5635800262
5635707886
5635828887
5635813570
5635828948
5635787991
5635645978
5635741768
5635779251
5635787737
5635817029
5635775531
5635814694
5635776444
5635723949
5635783472
5635606620
5635815017
5635800536
5635807258
5635807819
5635805200
5635793664
5635783845
5635774670
5635797554
5635792599
5635709374
5635791976
5635775884
5635771218
5635740835
5635771309
5635710792
5635612702
5635690120
5635747955
5635765136
5635758136
5635762418
5635736954
5635756608
5635754315
5635739426
5635745435
5635732690
5635746432
5635746334
5635743620
5635743291
5635722836
5635737160
5635726021
5635730726
5635706405
5635705437
5635702767
5635718719
5635708108
5635728592
5635711698
5635657114
5635706587
5635710566
5635687764
5635546003
5635594198
5635651005
5635699839
5635700574
5635687499
5635687973
5635689034
5635682016
5635585752
5635652790
5635662781
5635690806
5635694400
5635688318
5635694875
5635692309
5635690764
5635630892
5635678139
5635683486
5635667617
5635622951
5635667678
5635670343
5635668382
5635671287
5635617582
5635654482
5635654924
5635638567
5635665609
5635653461
5635651924
5635653040
5635650875
5635649010
5635654164
5635650105
5635648885
5635638484
5635621448
5635620021
5635629264
5635613209
5635593404
5635614831
5635600538
5635575511
5635611799
5635604811
5635601572
5635581986
5635599413
5635590267
5635429812
5635480500
5635534036
5635592654
5635588615
5635588855
5635588586
5635586586
5635584785
5635580574
5635574204
5635584028
5635580173
5635560854
5635575889
5635578571
5635547135
5635567485
5635565287
5635563395
5635568723
5635553151
5635555287
5635562428
5635442503
5635500009
5635555179
5635509485
5635552613
5635557137
5635549973
5635554887
5635553109
5635550782
5635550357
5635550109
5635474082
5635516832
5635533759
5635446496
5635492919
5635503288
5635533812
5635433667
5635491842
5635524126
5635511207
5635488774
5635494292
5635486099
5635488604
5635483962
5635327552
5635425574
5635432493
5635399800
5635336273
5635379551
5635328456
5635376615
5635399928
5635318499
5635366597
5635367768
5635318784
5635340144
5635354873
5635351261
5635342518
5635348431
5635341866
5635338365
5635331356
5635336672
5635330377
5635329582
5635328285
5635298020
5635303913
5635326028
5635249165
5635272783
5635294097
5635299473
5635197576
5635270617
5635286184
5635292150
5635291250
5635288153
5635276526
5635274445
5635266458
5635268159
5635274131
5635206960
5635245052
5635269055
5635264888
5635264499
5635264144
5635256747
5635261958
5635245993
5635251121
5635159480
5635205112
5635181191
5635202938
5635230815
5635235269
5635240678
5635221208
5635227413
5635166388
5635128364
5635168873
5635203059
5635199535
5635212907
5635121429
5635191523
5635169977
5635179398
5635155233
5635099764
5635148460
5635102215
5635134743
5635178174
5635157332
5635167974
5635153231
5635171215
5635168072
5635097525
5635130296
5635096478
5635137242
5635165031
5635164297
5635098375
5635135001
5635163239
5635097088
5635127255
5635099965
5635132896
5635095151
5635130766
5635125474
5635151480
5635100983
5635130686
5635098310
5635124636
5635136116
5635148694
5635136217
5635136201
5635135781
5635133988
5635127008
5635131510
5635126362
5635129121
5635116273
5635126497
5635126748
5635121282
5635124166
5635043913
5635117456
5635113746
5635084526
5635088919
5635108338
5635117364
5635113514
5635113961
5635051503
5635089168
5635102969
5635111611
5635109751
5635098260
5635099280
5635108198
5635098279
5635095572
5635102356
5635088216
5635093572
5635095930
5635094348
5635098738
5635093492
5634999159
5635038116
5635066112
5635067977
5635070298
5635082292
5635071041
5635071266
5635059991
5635044009
5635052296
5635054942
5635039901
5635033106
5634835919
5634933789
5635004050
5635011101
5635008686
5635034119
5634889582
5635032753
5634991083
5635033730
5635033497
5635029247
5635020806
5635004421
5635017030
5634996304
5634996165
5634993564
5634992552
5634969843
5634984432
5634999477
5634965779
5634990019
5634959955
5634966083
5634982057
5634951696
5634955094
5634954541
5634948248
5634959830
5634932521
5634930771
5634921647
5634951750
5634925227
5634890107
5634909314
5634940585
5634764012
5634940060
5634913645
5634897900
5634807912
5634881501
5634918555
5634817684
5634879515
5634922758
5634902903
5634889974
5634876390
5634910209
5634822350
5634876993
5634881258
5634906740
5634907278
5634876673
5634892233
5634907432
5634862092
5634882661
5634827221
5634784344
5634901668
5634894639
5634890325
5634892211
5634861090
5634859389
5634886313
5634884980
5634875914
5634885309
5634882875
5634885934
5634880009
5634861075
5634878020
5634881705
5634849558
5634870407
5634871396
5634805191
5634851883
5634670764
5634750847
5634808231
5634874559
5634861302
5634868598
5634850036
5634863784
5634829760
5634856667
5634853660
5634850838
5634852838
5634853412
5634852029
5634845718
5634845136
5634790089
5634770522
5634840112
5634786696
5634832944
5634834988
5634831973
5634824796
5634791201
5634817244
5634826969
5634664892
5634741796
5634796629
5634793589
5634791642
5634788617
5634815182
5634821686
5634817518
5634750648
5634818116
5634818860
5634788560
5634809930
5634815364
5634781922
5634800245
5634796438
5634761729
5634760531
5634788535
5634789638
5634665785
5634737849
5634783403
5634780334
5634781424
5634782827
5634595047
5634728850
5634652573
5634721078
5634768385
5634773727
5634772036
5634763988
5634765746
5634742524
5634747572
5634723630
5634751558
5634731955
5634731604
5634755489
5634760602
5634762987
5634760376
5634754117
5634746167
5634747954
5634704104
5634745718
5634721672
5634745498
5634745678
5634712574
5634749189
5634724465
5634745204
5634736736
5634733599
5634740290
5634734475
5634715203
5634709148
5634714608
5634713960
5634707537
5634710638
5634644344
5634694578
5634701533
5634693797
5634701682
5634686139
5634215001
5634671026
5634693750
5634691540
5634684234
5634678518
5634683688
5634650819
5634588839
5634592269
5634686359
5634647869
5634676514
5634666697
5634633664
5634675037
5634628146
5634668774
5634671852
5634675115
5634659668
5634664774
5634664730
5634618872
5634665787
5634635749
5634631982
5634638235
5634644298
5634619764
5634574516
5634630437
5634469260
5634639276
5634632554
5634608709
5634635236
5634632497
5634444873
5634555206
5634624271
5634598419
5634621886
5634325558
5634601426
5634616999
5634612955
5634611279
5634573180
5634606689
5634600353
5634563415
5634597443
5634603863
5634589052
5634585049
5634588559
5634510643
5634555791
5634578415
5634582166
5634576675
5634292985
5634385062
5634477901
5634579455
5634562581
5634545501
5634543783
5634551041
5634469158
5634437432
5634539571
5634518302
5634526501
5634534179
5634523925
5634528408
5634486026
5634522628
5634519128
5634443957
5634508066
5634500371
5634510189
5634502924
5634495706
5634499439
5634502017
5634294883
5634508555
5634492020
5634499175
5634441837
5634487966
5634493344
5634479648
5634488811
5634482307
5634483974
5634482606
5634485542
5634481315
5634482940
5634450810
5634482686
5634442426
5634455431
5634357539
5634477098
5634472455
5634474180
5634474604
5634427887
5634461826
5634462754
5634455985
5634470565
5634441342
5634442858
5634457441
5634446365
5634457865
5634441085
5634450957
5634450646
5634453071
5634445418
5634447931
5634446387
5634439598
5634442276
5634395103
5634439462
5634427836
5634359889
5634434813
5634437096
5634229950
5634402246
5634434701
5634223434
5634323192
5634433493
5634413297
5634412526
5634412187
5634403727
5634407060
5634401527
5634401144
5634394906
5634399368
5634391432
5634389767
5634377401
5634388575
5634363507
5634387287
5634237323
5634385076
5634312838
5634371779
5634366044
5634249946
5634366278
5634358864
5634359583
5634347231
5634351770
5634343168
5634334115
5634355674
5634346037
5634346790
5634249440
5634284888
5634200954
5634268654
5634332325
5634325781
5634310113
5634314947
5634295259
5634288737
5634306608
5634310204
5634279886
5634309646
5634290812
5634306471
5634306323
5634302378
5634194794
5634233648
5634270847
5634270432
5634277579
5634254376
5634261853
5634267180
5634258145
5634257380
5634252553
5634256109
5634251370
5634242959
5634236138
5634244116
5634242848
5634242570
5634235465
5634240075
5634238298
5634241368
5634239355
5634224856
5634230913
5634225722
5634214668
5634207840
5634220305
5634211052
5634213615
5634210019
5634136156
5634187738
5634210719
5633991966
5634208388
5634207559
5634210911
5634208647
5634207916
5634203384
5634194246
5634194101
5634157937
5634150456
5634196410
5634153748
5634100402
5634132222
5634157722
5634102748
5634156246
5634079415
5634142637
5634139203
5634179699
5634134699
5634140452
5634150197
5634038471
5634082540
5634133095
5634124205
5634122671
5634129819
5634099087
5633998522
5634040392
5633927280
5633966969
5634002955
5634028713
5634023581
5633901469
5633934960
5633973942
5634008288
5633928849
5633996168
5633994025
5633903687
5633947693
5633945568
5633935875
5633928825
5633841453
5633889921
5633833869
5633879854
5633767304
5633799031
5633828633
5633871080
5633900046
5633832063
5633876990
5633835648
5633888905
5633833931
5633873342
5633853715
5633887353
5633877454
5633833022
5633869072
5633888123
5633876593
5633835034
5633881743
5633830676
5633871601
5633880441
5633869882
5633844444
5633863136
5633831949
5633869971
5633832390
5633859964
5633837165
5633849734
5633780454
5633850892
5633862140
5633871833
5633835049
5633800935
5633835504
5633837564
5633838903
5633856953
5633848804
5633841687
5633778447
5633813917
5633847069
5633763958
5633810757
5633840575
5633835421
5633836102
5633768465
5633810842
5633768024
5633807958
5633773095
5633804533
5633828009
5633835964
5633769816
5633800740
5633767056
5633806036
5633771311
5633807783
5633770216
5633807211
5633768003
5633806448
5633822230
5633813708
5633832981
5633763996
5633797879
5633765451
5633798825
5633766507
5633804970
5633766090
5633797732
5633767771
5633801126
5633768502
5633798667
5633764993
5633794466
5633813925
5633764740
5633798724
5633763612
5633796898
5633815557
5633799469
5633764994
5633794025
5633766203
5633798958
5633766730
5633796015
5633818540
5633765868
5633791224
5633768837
5633794969
5633792865
5633804618
5633805557
5633804687
5633802008
5633796500
5633776357
5633800971
5633786030
5633792884
5633795745
5633766681
5633779824
5633791465
5633766258
5633782036
5633783093
5633774033
5633780789
5633777287
5633767352
5633772116
5633764098
5633773041
5633729209
5633768475
5633749788
5633763752
5633765981
5633756000
5633756518
5633756355
5633755530
5633755830
5633743242
5633738969
5633751438
5633742915
5633749530
5633749417
5633719149
5633748763
5633747368
5633746706
5633747630
5633742168
5633740939
5633740408
5633712985
5633742707
5633743293
5633734997
5633740581
5633741018
5633739324
5633741983
5633734070
5633715091
5633739673
5633736431
5633735046
5633732583
5633730767
5633733925
5633730732
5633732467
5633731744
5633730574
5633733483
5633732584
5633732497
5633733266
5633732869
5633733242
5633731729
5633730824
5633516162
5633725865
5633722431
5633721893
5633722353
5633709169
5633724014
5633724702
5633685912
5633643095
5633687076
5633714876
5633719557
5633713854
5633714981
5633703162
5633715593
5633713112
5633716976
5633714142
5633710728
5633715101
5633710710
5633711453
5633675425
5633703246
5633703445
5633704359
5633703257
5633693637
5633550268
5633694917
5633677182
5633693250
5633702339
5633699112
5633642492
5633701360
5633693442
5633690832
5633693382
5633694737
5633661471
5633663457
5633675482
5633684022
5633685427
5633650051
5633676433
5633676231
5633655274
5633673233
5633670039
5633641074
5633665467
5633624980
5633552251
5633668495
5633639894
5633648670
5633640893
5633660130
5633615886
5633661087
5633656118
5633648655
5633650564
5633640675
5633648715
5633648623
5633648693
5633648318
5633648321
5633569464
5633634357
5633616894
5633608782
5633614910
5633635088
5633620182
5633574921
5633627230
5633624025
5633500344
5633574788
5633624227
5633594836
5633613416
5633593295
5633590727
5633608969
5633593567
5633579492
5633582122
5633603643
5633565791
5633583208
5633544430
5633599210
5633542001
5633599499
5633539848
5633566472
5633566423
5633561413
5633553348
5633568856
5633579094
5633573142
5633551944
5633553867
5633535892
5633535125
5633541497
5633525136
5633542768
5633567714
5633542130
5633542221
5633541086
5633556345
5633559742
5633534470
5633527788
5633523653
5633530423
5633502698
5633541842
5633546365
5633544024
5633542442
5633538645
5633534866
5633535020
5633508298
5633537719
5633534794
5633504800
5633490640
5633511021
5633528912
5633524233
5633514091
5633519739
5633522398
5633486962
5633496295
5633494740
5633524635
5633505149
5633515252
5633493716
5633511526
5633509289
5633509595
5633494449
5633507726
5633504967
5633504314
5633506968
5633505337
5633504754
5633504565
5633508106
5633502518
5633504966
5633499774
5633497811
5633500426
5633486955
5633486838
5632836429
5632905665
5632623437
5632702738
5631256413
5631308145
5631063511
5631153864
5630925089
5630982429
5629820052
5629918521
5629636909
5629705123
5629745088
5628466320
5628546021
5628619122
5628300163
5628350462
5628169547
5628208878
5628248060
5627119431
5627189232
5626941605
5626992793
5626842452
5626886754
5625780797
5625855579
5625599575
5625653428
5625709931
5624420384
5624534560
5624202606
5624289020
5624331811
5623026905
5623128160
5622734542
5622834940
5622912936
5622558445
5622642609
5622460481
5638373964
5638450992
5638448006
5638444057
5638446293
5638435528
5638300272
5638375048
5638430542
5638278499
5638363347
5638419203
5638414436
5638425787
5638423168
5638233293
5638403592
5638423306
5638415007
5638356915
5638412353
5638410792
5638411515
5638408080
5638401866
5638396642
5638393866
5638397452
5638389644
5638394546
5638392834
5638309598
5638391747
5638333541
5638389351
5638384271
5638350441
5638384533
5638383919
5638382642
5638381754
5638383358
5638381701
5638386152
5638376544
5638379421
5638379867
5638233092
5638273308
5638313997
5638376169
5638373891
5638375876
5638372451
5638365776
5638363303
5638358366
5638364491
5638361266
5638323179
5638346935
5638344230
5638339662
5638347750
5638350118
5638347361
5638229372
5638291481
5638350292
5638352665
5638340583
5638320519
5638345705
5638343492
5638345782
5638343373
5638313701
5638303048
5638333600
5638314287
5638326528
5638324601
5638314706
5638215428
5638272101
5638312586
5638309924
5638295812
5638285731
5638291787
5638287342
5638285262
5638283190
5638298318
5638292409
5638296997
5638287957
5638284476
5638283733
5638288552
5638189573
5638235988
5638284914
5638280282
5638279322
5638274888
5638271330
5638269950
5638264435
5638080999
5638157598
5638227620
5638270189
5638268997
5638269326
5638256477
5638258050
5638255921
5638253606
5638253488
5638255564
5638253585
5638206497
5638237838
5638235822
5638229017
5638151550
5638190629
5638215936
5638118642
5638167731
5638205870
5638208524
5638185611
5638199626
5638194295
5638196074
5638186545
5638188567
5638188770
5638113010
5638160561
5638188423
5638067497
5638145592
5638176475
5638180895
5638099857
5638146820
5638128221
5638157873
5638026964
5638076385
5638032092
5638078573
5638014069
5638056242
5637968194
5638027589
5637983069
5638006296
5638034633
5637963555
5638046136
5637964426
5638005381
5637975836
5638014550
5638025676
5637947115
5638027388
5638008878
5638017383
5638014396
5638013433
5638014849
5638001715
5638001895
5637994460
5637894420
5637954299
5637982365
5637982437
5637988537
5637912339
5637934266
5637957999
5637964782
5637923227
5637923998
5637951781
5637944058
5637884050
5637923395
5637946698
5637944385
5637876767
5637805996
5637842971
5637887641
5637883906
5637881592
5637862614
5637886191
5637821342
5637860144
5637808886
5637849798
5637804954
5637835467
5637878991
5637809374
5637841419
5637864224
5637873945
5637879501
5637844303
5637870491
5637865692
5637830396
5637839277
5637800234
5637836899
5637825552
5637842965
5637852654
5637851304
5637840123
5637845650
5637820590
5637840352
5637801575
5637828312
5637833785
5637794312
5637805132
5637813655
5637793518
5637810479
5637803562
5637807077
5637801483
5637745802
5637796889
5637785525
5637789760
5637791108
5637775634
5637787641
5637773549
5637782913
5637767383
5637774436
5637773241
5637778078
5637775509
5637673431
5637747646
5637761674
5637771301
5637744173
5637770799
5637764499
5637768826
5637765574
5637758498
5637754583
5637759010
5637728568
5637751138
5637751258
5637744203
5637744894
5637744813
5637712732
5637738217
5637721994
5637733347
5637738749
5637736496
5637733555
5637736754
5637729830
5637729036
5637725240
5637726671
5637670936
5637724633
5637724271
5637723468
5637723689
5637718005
5637717003
5637714655
5637711377
5637715272
5637717713
5637715184
5637714867
5637709498
5637713483
5637463815
5637715826
5637712138
5637709427
5637698871
5637685881
5637707694
5637706646
5637672297
5637679256
5637683207
5637685724
5637674982
5637656087
5637669568
5637667496
5637664474
5637658245
5637630672
5637638174
5637655325
5637500297
5637647482
5637628974
5637643582
5637640015
5637608601
5637640714
5637643346
5637641275
5637626011
5637595507
5637591447
5637596295
5637633768
5637634194
5637602689
5637616635
5637622830
5637615887
5637618101
5637592378
5637564645
5637565092
5637570954
5637589445
5637590673
5637542896
5637602445
5637527540
5637578357
5637592126
5637567555
5637554888
5637590285
5637586953
5637568412
5637520387
5637582577
5637390162
5637564801
5637575269
5637577370
5637527233
5637568746
5637573624
5637550679
5637535859
5637564266
5637444782
5637544999
5637555013
5637562552
5637560773
5637557557
5637537767
5637553859
5637549482
5637546722
5637543918
5637549061
5637530926
5637544342
5637543188
5637537448
5637532728
5637515724
5637543161
5637542897
5637535606
5637537445
5637535750
5637536361
5637489260
5637524231
5637525567
5637349777
5637521896
5637480201
5637517229
5637482435
5637516544
5637517863
5637511004
5637222431
5637320279
5637453316
5637511329
5637511524
5637508133
5637513682
5637513015
5637509996
5637498262
5637503796
5637480282
5637494473
5637499406
5637497782
5637473065
5637495923
5637499862
5637485365
5637493114
5637476292
5637471039
5637461465
5637460356
5637473949
5637471720
5637464318
5637460233
5637449294
5637469314
5637458422
5637458239
5637460153
5637402215
5637450406
5637451303
5637450867
5637368926
5637444248
5637416267
5637327839
5637400936
5637440830
5637413509
5637437881
5637435553
5637445673
5637441803
5637406876
5637438150
5637440278
5637347540
5637438688
5637424518
5637426589
5637427413
5637425718
5637421227
5637419838
5637396546
5637417318
5637419916
5637425139
5637424568
5637425668
5637419746
5637408825
5637411428
5637389671
5637402295
5637393044
5637390305
5637388203
5637388656
5637392762
5637394607
5637392115
5637392151
5637388207
5637385769
5637382984
5637367940
5637385208
5636938048
5637383083
5637389480
5637364113
5637376057
5637376297
5637311328
5637320778
5637369050
5637362852
5637371376
5637368509
5637355810
5637313138
5637061068
5637368457
5637358070
5637351992
5637333224
5637353568
5637355134
5637353213
5637348128
5637309903
5637344790
5637342487
5637334541
5637336613
5637267258
5637334367
5637306166
5637326820
5637332854
5637326722
5637310491
5637150431
5637237710
5637297892
5637212849
5637261306
5637279003
5637286748
5637275997
5637281832
5637246357
5637268136
5637257717
5637253893
5637254292
5637255070
5637253841
5637233509
5637252929
5637252479
5637176052
5637228095
5637226657
5637226018
5637219923
5637223061
5637170932
5637190754
5637188294
5637135403
5637188270
5637193146
5637158844
5637188378
5637168489
5637143745
5637163726
5637149993
5637109650
5637158877
5637168337
5637162446
5637104116
5637082210
5637130928
5637137910
5637138214
5637086333
5636981645
5637071373
5637063454
5637115479
5637128569
5637127367
5637069876
5636923557
5637057567
5637117636
5637117526
5637117866
5637098518
5637112605
5637115837
5637104043
5637075184
5637095723
5637091220
5637071099
5637078945
5637090308
5637076760
5637083849
5637051927
5637081987
5637077990
5637075082
5637071889
5637072363
5637067808
5637073312
5637069905
5637067604
5637064803
5636927534
5636980470
5637025331
5637039823
5636964086
5637052433
5637045319
5636982082
5637050256
5637051974
5637042027
5637027506
5637037611
5637029354
5637029401
5636923276
5637028675
5637031314
5637033742
5637024602
5637029415
5637029303
5636873144
5636942902
5637013949
5637012591
5637008180
5636988631
5637011863
5636995865
5637009982
5637009985
5636987847
5637006867
5636996691
5636994781
5636996872
5636897341
5636953005
5636993419
5636992681
5636993518
5636990159
5636884353
5636931958
5636965119
5636968247
5636964922
5636926240
5636932811
5636959997
5636927713
5636938286
5636939490
5636952748
5636953287
5636949520
5636943866
5636943826
5636944506
5636941051
5636928346
5636915921
5636938143
5636934649
5636925879
5636928538
5636926690
5636930602
5636929418
5636903685
5636899849
5636912552
5636914149
5636909904
5636909473
5636912049
5636797743
5636843267
5636881906
5636901091
5636908038
5636900511
5636899922
5636896862
5636899606
5636903493
5636897724
5636868593
5636891975
5636900001
5636900136
5636898133
5636883000
5636887983
5636883153
5636786706
5636849918
5636851737
5636768760
5636811727
5636766006
5636827247
5636850347
5636833069
5636674789
5636721858
5636767407
5636771519
5636684808
5636740079
5636748454
5636756762
5636751310
5636676475
5636743884
5636656787
5636685604
5636711299
5636669233
5636707204
5636700314
5636706711
5636688254
5636685663
5636674241
5636675040
5636618870
5636675725
5636674777
5636662517
5636670708
5636585986
5636632952
5636591798
5636655949
5636642015
5636573961
5636598953
5636626090
5636630884
5636629230
5636620360
5636515470
5636579365
5636612279
5636607590
5636607814
5636547553
5636475403
5636512470
5636587133
5636568713
5636580790
5636498027
5636564515
5636578839
5636525400
5636550502
5636541507
5636562267
5636558349
5636551361
5636472213
5636514867
5636545752
5636522696
5636474393
5636514553
5636539070
5636527518
5636538033
5636532460
5636540460
5636478495
5636506981
5636502444
5636476506
5636501873
5636527471
5636471815
5636501201
5636501684
5636472031
5636494270
5636520020
5636510050
5636518695
5636511887
5636515320
5636514937
5636321446
5636509195
5636496266
5636505991
5636481117
5636507239
5636492031
5636491594
5636495169
5636473181
5636495630
5636491859
5636486265
5636474995
5636487198
5636485282
5636443125
5636486949
5636484962
5636475993
5636477256
5636476918
5636476451
5636450553
5636471934
5636313236
5636471155
5636409511
5636472356
5636367833
5636408101
5636441321
5636449467
5636463456
5636457458
5636436241
5636465454
5636461608
5636461062
5636462972
5636460098
5636460213
5636433912
5636443622
5636455995
5636451181
5636451392
5636440386
5636450061
5636442322
5636383203
5636394463
5636416956
5636409558
5636405755
5636410102
5636401790
5636408312
5636407637
5636387569
5636401379
5636367050
5636374799
5636391818
5636385114
5636371123
5636388399
5636351996
5636382159
5636384644
5636366441
5636379253
5636378166
5636360874
5636373588
5636354912
5636374978
5636340066
5636353178
5636346478
5636357627
5636173631
5636248997
5636315771
5636320029
5636324879
5636327589
5636341711
5636334688
5636348594
5636076001
5636353269
5636282308
5636314001
5636314303
5636326422
5636341483
5636325764
5636340660
5636128965
5636338248
5636342224
5636331579
5636244144
5636301654
5636304491
5636333414
5636327769
5636325203
5636312289
5636311377
5636319954
5636298515
5636307683
5636303019
5636315642
5636274911
5636233288
5636310183
5636270663
5636309360
5636303244
5636287325
5636283050
5636246192
5636245730
5636301914
5636286267
5636276400
5636262648
5636282767
5636271574
5636281799
5636261506
5636255643
5636129080
5636253197
5636230098
5636198881
5636230587
5636245904
5636228150
5636229510
5636150273
5636244221
5636233269
5636238019
5636244713
5636242998
5636206705
5636232826
5636217313
5636235426
5636227316
5636233646
5636193388
5636227072
5636210530
5636219745
5636225116
5636215833
5636224824
5636215472
5636119603
5636216624
5636207903
5636220579
5636213467
5636189575
5636204781
5636111606
5636173035
5636123594
5636193079
5636209753
5636196347
5636205249
5636200429
5636183409
5636194055
5636168464
5636069895
5636196221
5636198325
5636133192
5636193765
5636196243
5636197153
5636187524
5636196171
5636192169
5636196015
5636181404
5636197525
5636191121
5636092974
5636153078
5636178073
5636173855
5636176838
5636177754
5636175029
5636167276
5636131732
5636112027
5636133508
5636163434
5636166270
5636164322
5636161392
5636133521
5636164596
5636159853
5636159756
5636164652
5636159764
5636143740
5636159831
5636132363
5636105775
5636130686
5636150378
5636134781
5636144842
5636143316
5636131232
5636098393
5636151185
5636153978
5636098391
5636136428
5636139488
5636100593
5636139655
5636130445
5636091407
5636139940
5636135781
5636124485
5636121516
5636128587
5636125626
5636128769
5636123181
5636124289
5636123043
5636095860
5636105065
5636108525
5636078556
5636109673
5635946925
5636060300
5636078252
5636115726
5636103932
5636115857
5636095709
5636087149
5636106830
5636108814
5636108932
5636109551
5636104563
5636098288
5636100468
5636079557
5636085495
5636101307
5636039269
5636092188
5636096820
5636041307
5636095354
5636099720
5636095226
5636082799
5636094870
5636095639
5636091666
5636094556
5636092690
5636079741
5636092585
5636075452
5636064481
5636086251
5636054362
5636072680
5636066261
5636033986
5636038725
5636045821
5636056715
5636054480
5636054372
5636029081
5636050013
5636049207
5636062291
5636050353
5636020671
5636014410
5636049799
5636054374
5636029056
5636054309
5636010219
5636015695
5636032696
5636015090
5636014209
5636052410
5636041240
5636031451
5636042148
5635985489
5636032867
5635998381
5636031976
5636010384
5635975909
5636028673
5636017770
5635974282
5636018081
5636025233
5636013254
5636016975
5636003273
5636017593
5636000449
5635952620
5635986128
5635977277
5636013252
5635933396
5635934255
5635993253
5635933883
5635968949
5635957045
5635962579
5635958861
5635974481
5635962171
5635930643
5635955665
5635945159
5635948948
5635947169
5635928300
5635935652
5635929809
5635936444
5638418179
