5536512014
5536608216
5536700342
5536794340
5536274972
5536351953
5534694476
5534798429
5534519568
5534587592
5534365287
5534430456
5533010898
5533104867
5533202828
5532796175
5532855389
5532926869
5532637471
5532700022
5531290360
5531406536
5531064262
5531180812
5530922586
5530984036
5529454955
5529533972
5529620344
5529277872
5529371381
5529149568
5529209532
5523724804
5523872951
5523446299
5523529878
5521474692
5521611950
5521724025
5521164499
5521258664
5521345866
5519136195
5519238168
5519387198
5518843574
5518961294
5519040486
5516884739
5517015051
5517139831
5516586931
5516704962
5514417043
5514607434
5514104018
5514214174
5512492557
5512573838
5509742053
5509851127
5509513250
5509619245
5509678130
5508213582
5508291040
5508367067
5508019951
5508080619
5506796440
5506886303
5506634824
5506689437
5506736375
5506627937
5506704370
5506774110
5506835872
5506913370
5523490270
5523672558
5523794932
5523923823
5523241671
5523371192
5521321932
5521466923
5521577048
5520957825
5521080317
5521194668
5519038768
5519168624
5519265276
5518713130
5518803919
5518907044
5516913005
5517071515
5517238763
5516461215
5516644733
5516730314
5514357919
5514613648
5513897086
5514042866
5514185129
5509730773
5509552818
5509655793
5509390371
5509466886
5508175617
5508269487
5508002356
5508108325
5506811957
5506924246
5506644055
5506738399
5582022422
5582069216
5577383822
5577422172
5577464901
5574153856
5574237046
5568183658
5568228567
5566716874
5566752332
5566780820
5563812330
5563852051
5563750834
5563641576
5563705582
5562364105
5562404458
5562270812
5562326982
5562140423
5562225634
5562004653
5562075001
5560929638
5560994038
5560839167
5560886800
5560739388
5560778784
5560627880
5560686137
5558892700
5558961918
5557069822
5557130139
5554361602
5554191300
5554269804
5552715997
5552771522
5552809812
5552659677
5552572213
5552489663
5551303760
5551352565
5551395270
5551267841
5551131176
5551201006
5550886262
5551049600
5549708158
5549760685
5549510201
5549596577
5549652759
5549336861
5549422058
5549317807
5549327790
5549255506
5549280913
5549207131
5549226551
5545858432
5544430486
5544460612
5544326758
5544383268
5544192920
5544250611
5542591097
5542661120
5539576021
5539619473
5539449243
5539539258
5539296407
5539369685
5537966458
5538025517
5537855227
5537921453
5537713467
5537795445
5537542496
5537649926
5535601059
5535696264
5535412957
5535495709
5534105470
5534149186
5534007603
5534071470
5533873272
5533948907
5532404988
5532452977
5532270421
5532348706
5532123346
5532211238
5531934388
5532053387
5530698263
5530751294
5530602600
5530655135
5530465964
5530537148
5530284833
5530368265
5528897031
5528953916
5528811856
5528659057
5528722294
5527007514
5527056264
5526891148
5526957211
5526740086
5526822790
5526549103
5526658253
5522564425
5522645601
5516003428
5516079453
5515764795
5515929791
5515523578
5515666334
5513489342
5513576417
5513403751
5513324150
5513231415
5513285685
5512023071
5512059513
5511988649
5511946358
5511797178
5511873505
5510620809
5510661529
5510537076
5510582939
5510440377
5510492305
5510321133
5510379495
5508937383
5508999337
5508818052
5508886690
5508673941
5508746020
5507640205
5507670628
5507573626
5507602217
5507463246
5507520170
5507351742
5507410397
5528568885
5528659696
5528726794
5528787218
5526615989
5526697901
5524882946
5524971859
5525030432
5524607473
5524718499
5524784794
5524370518
5524495933
5522576512
5522692125
5522359416
5522462944
5522123338
5522269363
5520432177
5520537016
5520596079
5520125668
5520253540
5520335273
5519850652
5518195058
5518258412
5518028158
5518101750
5517623442
5517775421
5517879984
5603016696
5603128191
5603193389
5602634480
5602751412
5602497315
5602552815
5601649378
5601698346
5601733299
5601416133
5601499135
5601582155
5601150333
5601270789
5600621494
5600742353
5600837250
5600113970
5600146947
5600180183
5599926782
5600009918
5600057443
5599822430
5599568828
5599684763
5599328403
5599441105
5599108791
5599181046
5598596631
5598645889
5598684323
5598425680
5598495967
5598197697
5598283573
5597900156
5597969425
5598093608
5597743945
5597815555
5597411997
5597451451
5597492054
5597295796
5597331601
5597367012
5597122438
5597244824
5596838233
5596950046
5597027592
5596519529
5596645877
5596380909
5596452197
5595991906
5596028470
5596066345
5595870804
5595904418
5595958260
5595640181
5595707153
5595784631
5595328554
5595441356
5595550391
5595116941
5595193892
5594962873
5595036455
5594556747
5594595360
5594424048
5594474475
5594515082
5594185556
5594267556
5593990275
5594081463
5593694351
5593772372
5593874067
5593490077
5593537879
5593589875
5593066604
5593106264
5593142580
5592924691
5592979927
5593032948
5592378800
5592497929
5592579724
5592137892
5592244646
5592089204
5592184813
5591274042
5591313892
5591353815
5591149306
5591222567
5590827911
5590941120
5591026160
5590576644
5590704391
5590359524
5590474986
5589558558
5589600407
5589421758
5589477748
5589519689
5589100152
5589178648
5588997132
5588864819
5589001776
5588635707
5588872538
5588621158
5588736963
5588738443
5588508332
5588408612
5587974516
5588009012
5587840428
5587891604
5587938963
5587611380
5587708701
5587331831
5587433802
5587524164
5587138010
5587244341
5586532997
5586565142
5586406187
5586446713
5586495497
5586220219
5586298502
5585989421
5586094437
5585689958
5585851724
5585089858
5585129743
5585178611
5584932462
5584988119
5584650209
5584747531
5584435529
5584533934
5584234772
5584332133
5583577665
5583629438
5583575193
5583533026
5583480801
5583523035
5583481383
5583203540
5583283283
5583010328
5583113844
5582752446
5582853561
5582164995
5582206276
5582248604
5582109524
5582159096
5582206320
5581999037
5582059912
5582119658
5582006465
5582056596
5581689509
5581802923
5581473814
5581596841
5581274533
5581353818
5580513286
5580554034
5580589034
5580429446
5580513573
5580415400
5580466940
5580187465
5580266107
5579993644
5580098661
5579612833
5579742376
5579867061
5579235066
5579316705
5579395623
5579476016
5578896237
5578948087
5579001949
5578735192
5578794176
5578848572
5578804444
5578837524
5578725135
5578760067
5578584273
5578664454
5578333805
5578443150
5578520818
5577982773
5578074898
5578181326
5577721375
5577791666
5577393373
5577427589
5577331493
5577375377
5577247018
5577318069
5577357467
5577237509
5577289071
5577029383
5577117359
5577184403
5576851806
5576933465
5576538799
5576632141
5576738583
5576253895
5576318371
5576382091
5576124762
5576169993
5575953551
5575988327
5575898169
5575930694
5575829639
5575878357
5575783978
5575846005
5575548479
5575636013
5575727477
5575342161
5575462161
5575082863
5575197423
5574920380
5574987884
5574501114
5574518175
5574447187
5574491737
5574364907
5574427463
5574470710
5574352490
5574399425
5574132168
5574226581
5573909161
5574032499
5573650637
5573796151
5573454371
5573521274
5573581180
5573233382
5573274209
5573020624
5573056300
5572911069
5572986931
5572719804
5572813354
5572883382
5572366825
5572483539
5572617927
5572180587
5572283569
5571884889
5571936348
5571778434
5571831033
5571306363
5571387447
5571446064
5570887562
5571025380
5571120849
5570673550
5570765909
5570390439
5570492261
5570582708
5570128060
5570210291
5570279227
5569507999
5569602030
5569669140
5569301940
5569410227
5568946885
5569048869
5569153676
5568649096
5568717195
5568796706
5568460508
5568561696
5567954550
5568003541
5567686075
5567802067
5567890303
5567366186
5567463871
5567565839
5567076880
5567133465
5566960609
5567007281
5566343730
5566443591
5566519827
5566173146
5566271550
5565840893
5565907052
5566030709
5565469699
5565542076
5564921307
5564992628
5565051929
5564717841
5564838141
5564375983
5564498779
5564606263
5564140643
5564210144
5564002205
5564038011
5564085520
5563079177
5563185375
5563305265
5562883984
5562972987
5562686977
5562727932
5562513931
5562569387
5562612693
5561895002
5561985161
5561536091
5561649246
5561791939
5561377024
5561448454
5561153428
5561236975
5561304026
5561005801
5561057061
5561107360
5560519659
5560614543
5560297497
5560398029
5559870202
5560021290
5560187481
5559595998
5559672384
5559789124
5559315352
5559409070
5559493602
5558591386
5558701463
5558290872
5558406736
5558092316
5558184744
5557817162
5557901426
5557995833
5557615270
5557675466
5557738600
5556991818
5557094846
5556735737
5556880514
5556629950
5556534606
5556436651
5556229215
5556291887
5556363880
5556051242
5556120201
5556166452
5555638512
5555707360
5555397526
5555520027
5555589257
5555051246
5555159472
5555293029
5554921103
5554688744
5554738757
5554527088
5554591319
5554138118
5554225072
5554289807
5553803068
5553939531
5554040709
5553531967
5553656961
5553453448
5553224493
5553294490
5553361152
5553056751
5553119299
5553162121
5552377752
5552461738
5552164947
5552267141
5551909161
5552012380
5551685248
5551780846
5551505835
5551567989
5551621513
5550727132
5550832851
5550519095
5550625575
5550318572
5550412148
5550135113
5550207923
5550257724
5549947207
5550027485
5550077149
5549103858
5549195126
5548841445
5548953405
5548661704
5548748758
5548374258
5548457071
5548121247
5548205501
5548273867
5547351523
5547438989
5547094064
5547201944
5546837063
5546958613
5546558303
5546637497
5546723064
5546340176
5546396742
5602134945
5602232073
5602334366
5602431088
5602543481
5601334505
5601416697
5600947120
5601081608
5601170427
5600629198
5600752464
5600870435
5600737167
5600831110
5599106959
5599204782
5598943413
5599028816
5597725950
5597785460
5597599555
5597671308
5596428969
5596482414
5596233292
5596297730
5596362794
5594992507
5595064133
5594805166
5594916351
5593540142
5593636555
5593540756
5593608204
5593519696
5593604223
5593347113
5593396526
5593455732
5593317813
5593400476
5593461755
5593320148
5593409348
5592639882
5592732772
5592795091
5592163065
5592312543
5591952698
5592057392
5591612300
5591727509
5591840336
5590863961
5590969795
5590262504
5590385007
5590059584
5590154572
5589876155
5589973457
5589112104
5589225549
5588358555
5588461166
5588215192
5588292963
5587567690
5587665384
5587025914
5587118264
5587189426
5586784001
5586881541
5586922408
5586137254
5586235251
5586282433
5585466331
5585530864
5585593613
5585322165
5585402261
5584670480
5584779969
5583982350
5584088228
5583863565
5583922861
5582602017
5582685011
5582769414
5582389458
5582481046
5582539802
5581753440
5581847093
5581910087
5581760841
5581856954
5581924953
5581748729
5581854308
5581915124
5581761564
5581829492
5581908160
5581075844
5581156713
5580825728
5580903885
5580989938
5580319723
5580386914
5580059347
5580177450
5580248174
5579342689
5579442112
5579498910
5579135423
5579265745
5578711013
5578761415
5578434239
5578565061
5578626608
5577888904
5577968977
5578075980
5577618142
5577759692
5577826316
5577229894
5577289779
5576988121
5577087660
5577156975
5576288554
5576405176
5576451957
5576173915
5576234114
5575691083
5575764598
5575534509
5575606190
5573636375
5573464842
5573555769
5573304418
5573342435
5573398050
5572444975
5572450218
5572295408
5572422158
5572019525
5572079000
5572184320
5572065747
5571941963
5571933331
5571408148
5571496861
5571147585
5571251852
5571322127
5570779802
5570900674
5570628740
5570611683
5570518853
5570512199
5570511910
5570512540
5569628298
5569713909
5569781553
5569443087
5569536854
5568983882
5568982729
5568989224
5568973709
5568970563
5568960111
5568935525
5568939562
5568905396
5568922816
5568884175
5568894888
5568877328
5568879443
5568889372
5568873671
5568861421
5568868078
5568863068
5568878964
5568871530
5568825703
5568840515
5568863753
5568829276
5568839821
5568826262
5568834369
5568842361
5568814893
5568817393
5568816261
5568816852
5568822126
5568815156
5568818339
5568823456
5568811624
5568818635
5568817105
5568813499
5567985673
5568056021
5568096294
5567821655
5567914103
5567393960
5567506107
5567592049
5567296631
5567227190
5566524095
5566621039
5566680202
5566367757
5566449861
5566002331
5565873018
5565776177
5565080954
5565173026
5565243979
5564910929
5565004896
5563593202
5563680390
5563415378
5563501495
5560652055
5560727984
5560390811
5560490202
5560579925
5558905023
5558977123
5559022802
5558652515
5558753661
5558827310
5549588752
5549657431
5549706102
5549756490
5549800427
5547712134
5547782002
5547835894
5547536845
5547619841
5546124064
5546160729
5545964222
5546020044
5546067675
5544465018
5544514525
5544480544
5544511613
5544426349
5544426320
5544420318
5544426055
5544380386
5544383000
5544379487
5542794548
5542799193
5542801072
5542799510
5542794456
5541250172
5541254980
5541249677
5541242084
5541246636
5541237928
5541226989
5541228298
5541204893
5541224513
5541208760
5541205766
5541204505
5541162908
5541209230
5541183513
5541170557
5541174594
5541185431
5541176959
5541164939
5541165010
5541166948
5541165817
5541168078
5541166164
5541166019
5541168775
5541166660
5541162460
5638373964
5638418179
5638471085
5638233092
5638273308
5638313997
5638151550
5638190629
5637082210
5637130928
5636927534
5636980470
5637025331
5636797743
5636843267
5636881906
5635723949
5635783472
5635546003
5635594198
5635651005
5635446496
5635492919
5612255672
5612306863
5612352685
5612405950
5612164523
5612203613
5610757173
5610802650
5610848436
5610632608
5610674009
5610708555
5610541991
5610579282
5609268208
5609296066
5609172993
5609204099
5609232404
5609079967
5609110770
5609136678
5607900767
5607938044
5607811828
5607842356
5607869521
5607715013
5607749508
5607776816
5606465050
5606502816
5606401497
5606431393
5606336980
5606367096
5605123343
5605155491
5605186032
5605047935
5605084770
5604929147
5604964876
5605000260
5603657349
5603686973
5603715915
5603585537
5603625102
5603495055
5603527112
5603552041
5602060449
5602110451
5602156228
5601961100
5602001414
5601863813
5601908180
5600420778
5600467667
5600510274
5600332645
5600375481
5600239983
5600285490
5598999401
5599033410
5598912949
5598955366
5598810734
5598847662
5598874021
5597625047
5597661681
5597694916
5597554891
5597592434
5597447231
5597480745
5597517527
5596258689
5596292052
5596181070
5596218745
5596082738
5596110588
5596140059
5594856613
5594893748
5594928290
5594734877
5594776794
5594813066
5594648179
5594679912
5593355485
5593389812
5593280496
5593317072
5593166948
5593206774
5593239171
5591700503
5591769971
5591569701
5591628262
5591424223
5591477552
5591511509
5567233363
5567283871
5567334151
5567376682
5567142741
5567187452
5565890400
5565949150
5565813168
5565851527
5565699788
5565754543
5564485780
5564556763
5564614780
5564313638
5564367304
5564409057
5564227214
5564272031
5563033524
5563088946
5562857421
5562900583
5562963899
5562735330
5562772893
5562805303
5561471275
5561529338
5561575380
5561322924
5561368307
5561411544
5561234594
5561274924
5559929019
5559983033
5559820202
5559868848
5559632281
5559699510
5559751495
5558114146
5558152967
5558015426
5558067376
5557911563
5557963859
5556469636
5556511753
5556385406
5556432379
5556289962
5556336285
5555011906
5555050107
5554926983
5554964576
5554768416
5554814011
5554860964
5553470597
5553522352
5553382600
5553425752
5553279095
5553330280
5551946903
5552014795
5551840127
5551890331
5551746533
5551792419
5550370283
5550414091
5550267026
5550314515
5550181435
5550221011
5548765919
5548821679
5548876317
5548578095
5548641510
5548696009
5548455326
5548516105
5546893836
5546943485
5546803323
5546839776
5546630147
5546698451
5546737960
5545215028
5545270724
5545107544
5545151611
5545056538
5544905122
5544956627
5544995527
5513791351
5513856296
5513929132
5513641532
5513712346
5512249063
5512288951
5512175172
5512210716
5512082707
5512109346
5512141596
5510875826
5510914515
5510941069
5510804817
5510842484
5510701752
5510738203
5510766459
5509441076
5509491556
5509343850
5509393087
5509218613
5509263241
5509298098
5507912438
5507956214
5508004059
5507806095
5507859515
5507731988
5507766560
5638080999
5638157598
5638227620
5637975836
5638014550
5634249440
5634284888
5634079415
5634142637
5632836429
5632905665
5632623437
5632702738
5631256413
5631308145
5631063511
5631153864
5630925089
5630982429
5629820052
5629918521
5629636909
5629705123
5629745088
5628466320
5628546021
5628619122
5628300163
5628350462
5628169547
5628208878
5628248060
5627119431
5627189232
5626941605
5626992793
5626842452
5626886754
5625780797
5625855579
5625599575
5625653428
5625709931
5624420384
5624534560
5624202606
5624289020
5624331811
5623026905
5623128160
5622734542
5622834940
5622912936
5622558445
5622642609
5622460481
5621180074
5621274453
5621009882
5621077616
5620780939
5620870433
5620928270
5619629790
5619704715
5619478000
5619525601
5618305724
5618362266
5618465420
5618235936
5618134844
5618181232
5615600512
5615681403
5615399664
5615468054
5615524906
5614034198
5614025235
5614025095
5614021327
5613982413
5613952684
5613948879
5613952770
5613949518
5613958973
5613954629
5613938245
5613895404
5613886059
5613892426
5636884353
5636931958
5636768760
5636811727
5636669233
5636707204
5635612702
5635690120
5635429812
5635480500
5635534036
5635318499
5635366597
5631699935
5631799682
5631879810
5631403143
5631506421
5630460553
5630570904
5630634818
5630295346
5630394671
5629976328
5630085559
5630188951
5629803618
5629900166
5629032607
5629103284
5629157770
5628848666
5628941055
5628614777
5628716622
5628473114
5628545570
5627818555
5627878427
5627923036
5627613006
5627701366
5627766264
5627306171
5627419639
5627506216
5627128983
5627201508
5624983869
5625044302
5625132683
5624645542
5624793911
5624884544
5624436148
5624530071
5623570939
5623671097
5623368386
5623465268
5638452227
5638278499
5638363347
5637327839
5637400936
5637150431
5637237710
5636923557
5637057567
5635946925
5636060300
5635735465
5635832796
5635585752
5635652790
5634652573
5634721078
5634444873
5634555206
5634223434
5634323192
5638229372
5638291481
5638118642
5638167731
5636873144
5636942902
5636766006
5636827247
5631292391
5631365037
5631153023
5631231867
5630979371
5631074019
5629792654
5629859893
5629643248
5629712654
5628413192
5628467157
5628307251
5628350582
5627087687
5627141847
5626990316
5627041839
5621002064
5621129039
5620929778
5620845145
5619570332
5619647787
5619478775
5619522521
5618232107
5618292903
5618119097
5618175126
5616892910
5616968816
5616774530
5616838540
5610855062
5610925789
5610712110
5610785291
5609458409
5609506169
5609324719
5609408683
5608053765
5608119479
5607941983
5607989287
5606670778
5606730658
5606572622
5606620839
5600585373
5600679312
5600421811
5600502553
5599220886
5599172961
5599050630
5599118900
5597815610
5597856117
5597694876
5597758221
5596481956
5596547500
5596343255
5596415626
5590049990
5590126339
5589910468
5589982306
5589790535
5589859852
5588478741
5588573173
5588342265
5588417667
5587019201
5587061511
5586896576
5586956719
5585609402
5585669109
5585434625
5585539064
5579289177
5579395013
5579149078
5579224261
5577904990
5577982779
5577719452
5577804813
5576432772
5576524415
5576287769
5576351087
5574949349
5575016836
5574833331
5574875870
5568655111
5568751584
5568514624
5568575859
5567240948
5567327234
5567110032
5567188566
5565789257
5565869748
5565650953
5565717958
5564319353
5564388787
5564191815
5564262016
5557853792
5557937410
5557705803
5557788308
5556373919
5556473472
5556241463
5556309148
5554845457
5554919751
5554782379
5554730559
5553368172
5553431771
5553227371
5553300188
5637630672
5637592378
5637444782
5637544999
5636244144
5636301654
5636111606
5636173035
5629161326
5629203792
5628996398
5629071238
5627808933
5627874331
5627662022
5627736997
5626322123
5626391924
5642683556
5642729803
5642796580
5642528576
5642572035
5642422215
5642474592
5641146253
5641202223
5641268614
5641047390
5641092050
5640910824
5640960564
5641003915
5639692153
5639748253
5639812801
5639579399
5639630072
5639486801
5639529073
5640818374
5640885594
5640958821
5640652702
5640721378
5639542176
5639623825
5639311028
5639370285
5639439227
5642606294
5642703321
5642435043
5642510218
5642235500
5642301922
5642361046
5638640658
5638701713
5638559991
5640868273
5640928004
5640747246
5640794380
5639567384
5639627459
5639457858
5639493901
5638933435
5639004047
5638775261
5638861599
5633460350
5633578544
5633632443
5633464554
5633566646
5633206365
5633309360
5632956467
5633075460
5632707151
5632797459
5632861675
5631926800
5632030755
5631700142
5631818559
5631398531
5631497530
5631592676
5631190544
5631253526
5630463175
5630524303
5630160764
5630283911
5630368911
5629904642
5630052399
5629688945
5629760653
5629818106
5628888354
5628996243
5629094540
5627747946
5627801988
5627870273
5627738434
5627807329
5627655668
5627664547
5627654189
5627640487
5627591997
5627578910
5627571045
5627575156
5627569671
5627566504
5627573013
5626334991
5626320879
5626349480
5626314195
5626295443
5626323309
5626308426
5626316380
5626323551
5626312240
5626304078
5626300832
5626293630
5626291356
5626278851
5626290518
5626291545
5626274240
5626224812
5626229795
5626235456
5626228299
5626229614
5626228423
5626240581
5626249717
5626232255
5626227912
5626233866
5626225989
5626237508
5626235163
5626228378
5626224720
5626231879
5626225100
5626227926
5626227357
5626228817
5626228996
5626225690
5626224020
5626233467
5626222646
5626228048
5626225128
5623417195
5623501481
5623564558
5623410051
5623498490
5623280716
5623264503
5642787417
5642902680
5642585497
5642681818
5642443314
5642504445
5642308125
5642364410
5642179656
5642239100
5641082261
5641150376
5640956498
5641008689
5640816342
5640879697
5640701392
5640750739
5640603587
5640659522
5639641470
5639692851
5639523312
5639569314
5639304701
5639363084
5639217637
5639255804
5638460837
5638566360
5638300272
5638375048
5638189573
5638235988
5638067497
5638145592
5637964426
5638005381
