5414635087
5414708774
5414388767
5414467506
5414539895
5407530614
5407618907
5407716607
5407208000
5407300501
5407357257
5405644469
5405746767
5405314026
5405434012
5405526944
5403548256
5403658940
5403755871
5401809545
5401884547
5401991897
5401545298
5401642372
5401729789
5393984796
5394072936
5393752301
5393827648
5392095063
5392205117
5391635812
5391715161
5391780311
5389551327
5389653118
5389761847
5387817431
5387901941
5380057572
5380195180
5379782058
5379868289
5379962350
5377888287
5378009522
5377581360
5377704834
5377773144
5375755558
5375888868
5375499735
5375604383
5365789370
5365924769
5365459970
5365612723
5363410062
5363517875
5363647598
5363154241
5363203916
5361151913
5361274214
5350824549
5350955410
5350500611
5350605491
5350677695
5348413588
5348501830
5348125174
5348205149
5346041897
5346162407
5343955618
5344083325
5335468148
5335567575
5335661887
5335146932
5335246151
5335342089
5331099468
5331169702
5330878809
5330964529
5331036161
5329074672
5329144518
5329219707
5328856905
5328936107
5327136841
5327243642
5326866043
5326927342
5320868488
5321039132
5321136139
5321232787
5321384976
5320544843
5320633500
5320740298
5318677027
5318780410
5318447508
5318520591
5318234118
5318308043
5316572149
5316691837
5316416341
5316480529
5316210757
5316268570
5316331049
5306796823
5306870017
5306927400
5306568281
5306652109
5304834377
5304759514
5304547147
5304644686
5302730866
5302826441
5302593898
5302642693
5188446481
5188509880
5188306129
5188361512
5187157390
5187208131
5187265294
5187004546
5187052503
5185818677
5185861684
5184391919
5184439937
5182825359
5182891302
5182981471
5182642986
5182716047
5181361393
5181426092
5181202368
5181245378
5179949347
5180005967
5179804387
5179849225
5178618386
5178725209
5174277682
5174349671
5174148302
5174215785
5172788170
5172832830
5171316668
5171387487
5171165289
5171214466
5170045951
5170120662
5169846210
5169915290
5169957378
5161785864
5161842987
5155605265
5155678256
5153866848
5153919760
5107183503
5107308162
5107038432
5106973684
5105544853
5105640265
5105715209
5105341877
5105409075
5105464808
5104142897
5104060826
5102801148
5102865773
5097472092
5097545053
5097632584
5097354838
5097292620
5095983031
5096086866
5092989670
5093038173
5087310153
5087381358
5087450966
5085906735
5086013424
5085650838
5085745215
5085813011
5084378586
5084427625
5084490713
5084223746
5084267051
5084308748
5083054064
5083118327
5083187300
5077568273
5077670907
5077729653
5077349163
5077431345
5077494108
5075878689
5075954847
5075622686
5075723375
5075801300
5074300430
5074364268
5072952465
5073013220
5417204092
5417301827
5417018948
5417103993
5416537654
5416703421
5416853054
5416274744
5416365567
5416441875
5416511402
5416420826
5416144830
5416237823
5416297428
5416122798
5414674597
5414750857
5414648928
5414401015
5414478869
5414379506
5412846413
5412945812
5412825500
5412650386
5412712843
5412621758
5412631003
5411109935
5411220121
5411334392
5411092292
5410894010
5410964544
5410874602
5409400404
5409517754
5409380615
5409130231
5409201058
5409255403
5409113415
5407505186
5407620398
5407741698
5407477984
5405580054
5405681537
5405772909
5405556256
5403570798
5403651391
5403545050
5401842622
5401949450
5402082548
5401821717
5399964055
5399873947
5399846216
5398074041
5398181452
5398326844
5398051181
5396065457
5396217775
5396348908
5396049234
5391928910
5392001328
5391898507
5389857801
5389977263
5390160914
5389826801
5387832444
5387948666
5387815328
5387542258
5387625352
5387706127
5387521118
5385896598
5385980075
5386073854
5385878849
5385666221
5385778324
5385649078
5384162944
5384279432
5384123034
5383798383
5383885221
5383981314
5383781449
5382108620
5382223907
5382075228
5381839519
5381910742
5381988657
5381815021
5379781332
5379833154
5379917156
5380049842
5379490792
5379570426
5379633200
5377900321
5378015190
5377476906
5377566424
5377237585
5377291863
5377387446
5375609700
5375698222
5375498724
5375558140
5375459051
5375533412
5375340143
5375391679
5375202259
5375282747
5375362970
5375193136
5375248352
5373599471
5373757617
5373663898
5373602512
5373658999
5373440769
5373508308
5373445679
5373503837
5373243648
5373303040
5373347465
5373241625
5373299044
5371668743
5371741975
5371821649
5371553127
5371637109
5371722546
5371475762
5371558018
5371404073
5371468810
5371280810
5371340799
5371385419
5371283015
5371331820
5369537295
5369603060
5369675019
5369540558
5369661758
5369318606
5369365140
5369437196
5369319935
5369393043
5367816601
5367941002
5368093958
5367790518
5367883580
5367519500
5367592162
5367678689
5367496425
5367595606
5367305762
5367375000
5367433874
5367291672
5367347264
